GATE_SU_DL: 10,145,48,35
GATE_DL_AL: 1562,871,48,35
DL_01: 330,132,101,75
DL_02: 433,151,152,35
DL_S02: 537,107,48,35
DL_03: 392,959,48,35
DL_04: 395,997,100,75
DL_05: 508,1026,48,115
DL_06: 508,1147,72,83
DL_07: 568,1112,60,33
DL_08: 589,122,264,78
DL_09: 858,122,204,78
DL_10: 606,973,276,52
DL_11: 863,917,48,35
DL_12: 897,984,159,75
DL_13: 1068,924,41,163
DL_14: 1076,867,58,35
DL_15: 1124,1817,66,39
DL_16: 1089,60,48,75
DL_17: 1136,10,48,35
DL_18: 1164,103,68,39
DL_19: 1171,1686,172,116
DL_20: 1411,1686,172,116
DL_21: 1228,935,304,41
DL_22: 1569,932,48,34
DL_S22: 1633,926,48,35
DL_23: 512,1233,73,163
DL_24: 998,66,48,35
DL_25: 919,66,68,38
DL_26: 669,1813,100,35
DL_S26: 685,1764,48,35
DL_27: 863,1823,48,34
DL_28: 965,1819,152,35
DL_29: 1318,1812,69,48
DL_30: 1537,1681,152,75
DL_32: 507,980,100,35
DL_34: 249,138,60,45
DL_35: 71,143,172,38
